[gd_resource type="Skin" format=3 uid="uid://d3d2vmkf2oc5j"]

[resource]
resource_name = "Skin"
bind_count = 49
bind/0/name = &"root"
bind/0/bone = -1
bind/0/pose = Transform3D(1, 0, -2.38419e-07, 0, 1, 0, 2.38419e-07, 0, 1, 0, 0, 0)
bind/1/name = &"hips"
bind/1/bone = -1
bind/1/pose = Transform3D(1, 0, 0, 0, 1, 0, 0, 0, 1, 0, -0.405663, 0)
bind/2/name = &"spine"
bind/2/bone = -1
bind/2/pose = Transform3D(1, 0, -1.42109e-14, 0, 1, 0, 1.42109e-14, 0, 1, 0, -0.597641, 0)
bind/3/name = &"chest"
bind/3/bone = -1
bind/3/pose = Transform3D(1, 0, -1.42109e-14, 0, 1, 0, 1.42109e-14, 0, 1, 0, -0.972629, 0)
bind/4/name = &"upperarm.l"
bind/4/bone = -1
bind/4/pose = Transform3D(0.0572955, -1.34104e-07, 0.998358, 0.998358, 3.96478e-09, -0.0572957, 3.32443e-09, 1, 1.22946e-07, -0.012147, -0.211659, -1.10676)
bind/5/name = &"lowerarm.l"
bind/5/bone = -1
bind/5/pose = Transform3D(-0.0532973, -1.50786e-08, 0.998579, 0.998579, -9.95302e-10, 0.0532971, -2.10599e-10, 1, 3.94576e-09, 0.0380106, -0.452124, -1.10676)
bind/6/name = &"wrist.l"
bind/6/bone = -1
bind/6/pose = Transform3D(-3.72529e-09, -1.45187e-08, 1, 1, -4.00841e-10, -1.9744e-07, 1.3821e-18, 1, 3.35429e-09, -6.69562e-08, -0.713182, -1.10676)
bind/7/name = &"hand.l"
bind/7/bone = -1
bind/7/pose = Transform3D(-2.00663e-26, -1.45187e-08, 1, 1, -4.00841e-10, -2.01166e-07, -5.16988e-25, 1, 3.35429e-09, -6.9888e-08, -0.787008, -1.10676)
bind/8/name = &"handslot.l"
bind/8/bone = -1
bind/8/pose = Transform3D(-1, -4.15223e-09, -3.81958e-09, -2.38419e-07, -1.45187e-08, 1, -4.55307e-09, 1, 3.35429e-09, 0.883133, 1.39832e-07, -1.04926)
bind/9/name = &"upperarm.r"
bind/9/bone = -1
bind/9/pose = Transform3D(0.0572955, 1.34104e-07, -0.998358, -0.998358, 3.96478e-09, -0.0572957, -3.32443e-09, 1, 1.22946e-07, 0.012147, -0.211659, -1.10676)
bind/10/name = &"lowerarm.r"
bind/10/bone = -1
bind/10/pose = Transform3D(-0.0532973, 1.50786e-08, -0.998579, -0.998579, -9.95302e-10, 0.0532971, 2.10599e-10, 1, 3.94576e-09, -0.0380106, -0.452124, -1.10676)
bind/11/name = &"wrist.r"
bind/11/bone = -1
bind/11/pose = Transform3D(-3.72529e-09, 1.45187e-08, -1, -1, -4.00841e-10, -1.9744e-07, -1.3821e-18, 1, 3.35429e-09, 6.69562e-08, -0.713182, -1.10676)
bind/12/name = &"hand.r"
bind/12/bone = -1
bind/12/pose = Transform3D(-2.00663e-26, 1.45187e-08, -1, -1, -4.00841e-10, -2.01166e-07, 5.16988e-25, 1, 3.35429e-09, 6.9888e-08, -0.787008, -1.10676)
bind/13/name = &"handslot.r"
bind/13/bone = -1
bind/13/pose = Transform3D(-1, 4.15217e-09, 3.81958e-09, 2.38419e-07, -1.45187e-08, 1, 4.55301e-09, 1, 3.35429e-09, -0.883133, 1.39832e-07, -1.04926)
bind/14/name = &"head"
bind/14/bone = -1
bind/14/pose = Transform3D(1, 0, -1.42109e-14, 0, 1, 0, 1.42109e-14, 0, 1, 0, -1.24143, 0)
bind/15/name = &"upperleg.l"
bind/15/bone = -1
bind/15/pose = Transform3D(1, -1.36593e-07, -1.51616e-07, -1.31243e-07, -0.999396, 0.0347427, -1.56267e-07, -0.0347427, -0.999396, -0.170945, 0.518937, 0.0180402)
bind/16/name = &"lowerleg.l"
bind/16/bone = -1
bind/16/pose = Transform3D(1, 7.37357e-10, -4.09615e-09, 5.41844e-13, -0.984181, -0.177166, -4.159e-09, 0.177166, -0.984181, -0.170945, 0.289084, -0.044023)
bind/17/name = &"foot.l"
bind/17/bone = -1
bind/17/pose = Transform3D(1, -1.69147e-09, -1.75426e-09, -2.10576e-12, -0.719873, 0.694106, -2.4347e-09, -0.694106, -0.719873, -0.170945, 0.117453, 0.0874306)
bind/18/name = &"toes.l"
bind/18/bone = -1
bind/18/pose = Transform3D(-1, 1.53433e-07, -1.15671e-14, -3.03908e-12, 5.96046e-08, 1, 1.53433e-07, 1, -2.98023e-08, 0.170945, -0.0963928, -0.0259903)
bind/19/name = &"upperleg.r"
bind/19/bone = -1
bind/19/pose = Transform3D(1, 1.36593e-07, 1.51616e-07, 1.31243e-07, -0.999396, 0.0347427, 1.56267e-07, -0.0347427, -0.999396, 0.170945, 0.518937, 0.0180402)
bind/20/name = &"lowerleg.r"
bind/20/bone = -1
bind/20/pose = Transform3D(1, -7.37352e-10, 4.09612e-09, -5.47728e-13, -0.984181, -0.177166, 4.15897e-09, 0.177166, -0.984181, 0.170945, 0.289084, -0.044023)
bind/21/name = &"foot.r"
bind/21/bone = -1
bind/21/pose = Transform3D(1, 1.69145e-09, 1.75424e-09, 2.10221e-12, -0.719873, 0.694106, 2.43468e-09, -0.694106, -0.719873, 0.170945, 0.117453, 0.0874306)
bind/22/name = &"toes.r"
bind/22/bone = -1
bind/22/pose = Transform3D(-1, -1.53433e-07, 6.57105e-15, 3.03908e-12, 5.96046e-08, 1, -1.53433e-07, 1, -2.98023e-08, -0.170945, -0.0963928, -0.0259903)
bind/23/name = &"kneeIK.l"
bind/23/bone = -1
bind/23/pose = Transform3D(1, -3.89414e-07, 2.07321e-08, -2.0732e-08, 1.19209e-07, 1, -3.89414e-07, -1, -8.07336e-15, -0.170945, -0.575812, 0.29231)
bind/24/name = &"control-toe-roll.l"
bind/24/bone = -1
bind/24/pose = Transform3D(1, 1.42109e-14, -3.89339e-08, -3.89339e-08, -3.97941e-14, -1, -1.42109e-14, 1, 5.53284e-22, -0.170945, 0.245789, -0.0259903)
bind/25/name = &"control-heel-roll.l"
bind/25/bone = -1
bind/25/pose = Transform3D(-1, 1.17137e-20, 3.89339e-08, 3.89339e-08, 3.97941e-14, 1, 1.18585e-20, 1, 5.53284e-22, 0.170945, 0.117043, -0.0259903)
bind/26/name = &"control-foot-roll.l"
bind/26/bone = -1
bind/26/pose = Transform3D(1, -1.68404e-07, -1.74656e-07, -2.84217e-14, 0.719873, -0.694106, 2.4262e-07, 0.694106, 0.719873, -0.170945, 0.0481972, -0.0874306)
bind/27/name = &"heelIK.l"
bind/27/bone = -1
bind/27/pose = Transform3D(1, -9.30042e-08, -1.14391e-14, -5.96152e-14, -2.98023e-08, -1, 9.30042e-08, 1, -2.98023e-08, -0.170945, -0.0185859, -0.145237)
bind/28/name = &"IK-foot.l"
bind/28/bone = -1
bind/28/pose = Transform3D(1, 1.01891e-07, 1.05673e-07, 3.55271e-14, -0.719873, 0.694106, 1.46794e-07, -0.694106, -0.719873, -0.170945, 0.117453, 0.0874305)
bind/29/name = &"IK-toe.l"
bind/29/bone = -1
bind/29/pose = Transform3D(-1, 1.3483e-16, -7.10543e-15, -3.55271e-15, 3.97941e-14, 1, 1.34831e-16, 1, 5.14451e-29, 0.170945, 0.117043, -0.0259903)
bind/30/name = &"kneeIK.r"
bind/30/bone = -1
bind/30/pose = Transform3D(1, 1.50996e-07, 2.07321e-08, -2.0732e-08, 1.19209e-07, 1, 1.50996e-07, -1, 3.13045e-15, 0.170945, -0.575812, 0.29231)
bind/31/name = &"control-toe-roll.r"
bind/31/bone = -1
bind/31/pose = Transform3D(1, 1.42109e-14, -3.89338e-08, -3.89338e-08, -3.97942e-14, -1, -1.42109e-14, 1, 5.53283e-22, 0.170945, 0.245789, -0.0259903)
bind/32/name = &"control-heel-roll.r"
bind/32/bone = -1
bind/32/pose = Transform3D(-1, 1.17137e-20, 3.89338e-08, 3.89338e-08, 3.97942e-14, 1, 1.18585e-20, 1, 5.53283e-22, -0.170945, 0.117043, -0.0259903)
bind/33/name = &"control-foot-roll.r"
bind/33/bone = -1
bind/33/pose = Transform3D(1, -1.68404e-07, -1.74656e-07, -2.84217e-14, 0.719873, -0.694106, 2.4262e-07, 0.694106, 0.719873, 0.170945, 0.0481972, -0.0874305)
bind/34/name = &"heelIK.r"
bind/34/bone = -1
bind/34/pose = Transform3D(1, -9.30042e-08, 2.77174e-15, -3.11935e-14, -2.98023e-08, -1, 9.30041e-08, 1, -2.98023e-08, 0.170945, -0.0185859, -0.145237)
bind/35/name = &"IK-foot.r"
bind/35/bone = -1
bind/35/pose = Transform3D(1, 1.01891e-07, 1.05673e-07, 3.55271e-14, -0.719873, 0.694106, 1.46794e-07, -0.694106, -0.719873, 0.170945, 0.117453, 0.0874306)
bind/36/name = &"IK-toe.r"
bind/36/bone = -1
bind/36/pose = Transform3D(-1, 1.3483e-16, -7.10543e-15, -3.55271e-15, 3.97942e-14, 1, 1.34832e-16, 1, -4.95291e-29, -0.170945, 0.117043, -0.0259903)
bind/37/name = &"elbowIK.l"
bind/37/bone = -1
bind/37/pose = Transform3D(1, 2.84217e-14, -3.25229e-08, -3.25229e-08, -4.2393e-14, -1, -2.84217e-14, 1, 9.24358e-22, -0.453507, -0.588859, -1.10676)
bind/38/name = &"handIK.l"
bind/38/bone = -1
bind/38/pose = Transform3D(8.52652e-14, -7.54978e-08, 1, 1, -2.32109e-14, -1.19209e-07, 6.43733e-21, 1, 7.54978e-08, -1.3205e-09, -0.713182, -1.10676)
bind/39/name = &"elbowIK.r"
bind/39/bone = -1
bind/39/pose = Transform3D(1, 2.84217e-14, -3.25229e-08, -3.25229e-08, -4.2393e-14, -1, -2.84217e-14, 1, 9.24358e-22, 0.453507, -0.588859, -1.10676)
bind/40/name = &"handIK.r"
bind/40/bone = -1
bind/40/pose = Transform3D(-2.84217e-14, 7.5498e-08, -1, -1, 3.78925e-15, 8.52651e-14, 2.14578e-21, 1, 7.5498e-08, 1.32019e-09, -0.713182, -1.10676)
bind/41/name = &""
bind/41/bone = -1
bind/41/pose = Transform3D(1, 0, 0, 0, 1, 0, 0, 0, 1, 0, 0, 0)
bind/42/name = &""
bind/42/bone = -1
bind/42/pose = Transform3D(1, 0, 0, 0, 1, 0, 0, 0, 1, 0, 0, 0)
bind/43/name = &""
bind/43/bone = -1
bind/43/pose = Transform3D(1, 0, 0, 0, 1, 0, 0, 0, 1, 0, 0, 0)
bind/44/name = &""
bind/44/bone = -1
bind/44/pose = Transform3D(1, 0, 0, 0, 1, 0, 0, 0, 1, 0, 0, 0)
bind/45/name = &""
bind/45/bone = -1
bind/45/pose = Transform3D(1, 0, 0, 0, 1, 0, 0, 0, 1, 0, 0, 0)
bind/46/name = &""
bind/46/bone = -1
bind/46/pose = Transform3D(1, 0, 0, 0, 1, 0, 0, 0, 1, 0, 0, 0)
bind/47/name = &""
bind/47/bone = -1
bind/47/pose = Transform3D(1, 0, 0, 0, 1, 0, 0, 0, 1, 0, 0, 0)
bind/48/name = &""
bind/48/bone = -1
bind/48/pose = Transform3D(1, 0, 0, 0, 1, 0, 0, 0, 1, 0, 0, 0)
